MEME version 4

ALPHABET= ACGT

strands: + -

Background letter frequencies
A 0.25 C 0.25 G 0.25 T 0.25

MOTIF POU3F2+M5734_1.02+D
letter-probability matrix: alength= 4 w= 12 nsites= 1 E= 0
 0.236432477913336 0.10980227177114 0.110222970130416 0.543542280185107
 0.526976160602258 0.283563362609787 0.103513174404015 0.0859473023839398
 0.921540656205421 0.0199714693295292 0.0135520684736091 0.0449358059914408
 0.0099160945842868 0 0.0045766590389016 0.985507246376812
 0.0324909747292419 0.0231046931407942 0.0115523465703971 0.932851985559567
 0.465690053970702 0.000771010023130301 0.0030840400925212 0.530454895913647
 0.197347480106101 0.0811671087533156 0.685411140583554 0.0360742705570292
 0.0434782608695652 0.936231884057971 0.00652173913043478 0.013768115942029
 0.948604992657856 0.00881057268722467 0.0220264317180617 0.0205580029368576
 0 0.018754688672168 0.0120030007501875 0.969242310577644
 0.828205128205128 0.0256410256410256 0.0416666666666667 0.104487179487179
 0.459619172685489 0.112278397898884 0.0400525279054498 0.388049901510177

MOTIF IRF1+M3467_1.02+D
letter-probability matrix: alength= 4 w= 13 nsites= 1 E= 0
 0 0.380952380952381 0.571428571428571 0.0476190476190476
 1 0 0 0
 1 0 0 0
 0.952380952380952 0 0 0.0476190476190476
 1 0 0 0
 0.0555555555555556 0.222222222222222 0.666666666666667 0.0555555555555556
 0 0.476190476190476 0 0.523809523809524
 0.05 0 0.95 0
 1 0 0 0
 0.952380952380952 0.0476190476190476 0 0
 1 0 0 0
 0.0476190476190476 0.666666666666667 0.285714285714286 0
 0.0476190476190476 0.619047619047619 0.0476190476190476 0.285714285714286

MOTIF FOXJ3+M6243_1.02+D
letter-probability matrix: alength= 4 w= 13 nsites= 1 E= 0
 0.432642411777256 0.138457913847313 0.0703787885030743 0.358520885872356
 0.967191333346658 0.01680754947277 0.0101354703924577 0.00586564678811388
 0.918096941971647 0.0291214266029648 0 0.052781631425387
 0.630298922867839 0.325679353530721 0 0.044021723601439
 0.45650795325596 0.430210167784859 0 0.113281878959181
 0.928887385466604 0 0.0711126145333952 0
 0.144831115552032 0.036926948969435 0 0.818241935478531
 0.815472881739472 0.175692907931403 0 0.00883421032912309
 1 0 0 0
 0.998926178955259 0 0 0.00107382104474157
 0.00268455261185393 0.914380381713439 0 0.0829350656747062
 1 0 0 0
 0.494742797423941 0.164690055852021 0.146471266012751 0.194095880711287

MOTIF CTCF+M4668_1.02+D
letter-probability matrix: alength= 4 w= 15 nsites= 1 E= 0
 0.0610999389000611 0.861506138493861 0.0386969613030387 0.0386969613030387
 0.00611 0.99389 0 0
 0.720978 0.01833 0.158859 0.101833
 0.01222 0.629328 0.346232 0.01222
 0.10997989002011 0.533604466395534 0.0794299205700794 0.276985723014277
 0.894094 0.008147 0.069246 0.028513
 0 0 1 0
 0.374745374745375 0 0.615071615071615 0.0101830101830102
 0.044807 0.03055 0.602851 0.321792
 0.010183 0 0.989817 0
 0.081466 0.044807 0.837067 0.03666
 0.101833 0.826884 0.016293 0.05499
 0.372709 0.03055 0.580448 0.016293
 0.0712830712830713 0.56008156008156 0.311609311609312 0.057026057026057
 0.0773929226070774 0.427698572301428 0.103869896130104 0.391038608961391

MOTIF POU2F2+M4486_1.02+D
letter-probability matrix: alength= 4 w= 13 nsites= 1 E= 0
 0.153439153439153 0.396825396825397 0.195767195767196 0.253968253968254
 0.216931216931217 0.164021164021164 0.227513227513228 0.391534391534392
 0.240741 0.333333 0.214286 0.21164
 0.732804 0.095238 0.079365 0.092593
 0 0.010582 0 0.989418
 0.119048 0.042328 0 0.838624
 0.031746 0 0 0.968254
 0.068783 0 0.931217 0
 0.031746 0.965608 0 0.002646
 0.986772 0.010582 0.002646 0
 0 0 0 1
 0.587302 0.042328 0.238095 0.132275
 0.251322748677251 0.177248822751177 0.12962987037013 0.441798558201442

MOTIF HMX1+M5518_1.02+D
letter-probability matrix: alength= 4 w= 11 nsites= 1 E= 0
 0.241194486983155 0.209800918836141 0.186064318529862 0.362940275650842
 0.237184391736802 0.165263963274675 0.241775057383321 0.355776587605203
 0.146137787056367 0.103340292275574 0.0683716075156576 0.682150313152401
 0.125237191650854 0.0480708412397217 0 0.826691967109424
 0.859303090072321 0 0.0585141354372124 0.0821827744904668
 0.975373134328358 0 0.0246268656716418 0
 0.0244082840236686 0.00887573964497041 0.252958579881657 0.713757396449704
 0.000630517023959647 0.16141235813367 0.0138713745271122 0.824085750315259
 0.0512820512820513 0 0.905751905751906 0.042966042966043
 0.163608562691131 0.311926605504587 0.282874617737003 0.241590214067278
 0.113149847094801 0.16743119266055 0.0978593272171254 0.621559633027523

MOTIF HEY1+M5509_1.02+D
letter-probability matrix: alength= 4 w= 10 nsites= 1 E= 0
 0.0952666267225884 0.111743559017376 0.650689035350509 0.142300778909527
 0.258538046734572 0.113840623127621 0.527860994607549 0.0997603355302576
 0.00644972148929933 0.97859865142187 0.00557021401348578 0.00938141307534447
 0.873364730507588 0.00261643118785976 0.124018838304553 0
 0 0.994636471990465 0.00536352800953516 0
 0 0 1 0
 0.00597949886104784 0.0350227790432802 0.00854214123006834 0.950455580865604
 0.00446827524575514 0.000893655049151028 0.99434018468871 0.000297885016383676
 0.0329538645895746 0.359197124026363 0.196524865188736 0.411324146195327
 0.105452366686639 0.535650089874176 0.227980826842421 0.130916716596765

MOTIF JUND+M4464_1.02+D
letter-probability matrix: alength= 4 w= 19 nsites= 1 E= 0
 0.248421 0.147368 0.357895 0.246316
 0.414737 0.296842 0.157895 0.130526
 0.075789 0.046316 0.016842 0.861053
 0 0.077895 0.783158 0.138947
 0.991578008421992 0.00421099578900421 0 0.00421099578900421
 0.025263 0.456842 0.448421 0.069474
 0.012632 0 0 0.987368
 0.113684 0.863158 0.016842 0.006316
 1 0 0 0
 0.202105202105202 0.0189470189470189 0.0484210484210484 0.73052673052673
 0.517894482105518 0.0947369052630947 0.0147369852630147 0.372631627368373
 0.273684 0.208421 0.086316 0.431579
 0.147368 0.389474 0.109474 0.353684
 0.258947 0.094737 0.44 0.206316
 0.513684 0.075789 0.269474 0.141053
 0.456842 0.046316 0.334737 0.162105
 0.787368 0.109474 0.046316 0.056842
 0.261052738947261 0.292631707368293 0.282104717895282 0.164210835789164
 0.208421 0.185263 0.096842 0.509474

MOTIF EMX1+M0892_1.02+D
letter-probability matrix: alength= 4 w= 10 nsites= 1 E= 0
 0.278360185678654 0.30763558195699 0.270133398910951 0.143870833453405
 0.130957609442052 0.40947411030498 0.130957609442052 0.328610670810917
 0.0773097167607401 0.0780866923312834 0.00927961120587331 0.835323979702103
 0.925285603434765 0.0179951531283861 0.0392559274577966 0.0174633159790522
 0.972773536014093 0.00258610092724154 0.00434989326415021 0.020290469794515
 0.0337149352397632 0.021283687227841 0.0217136462304804 0.923287731301915
 0.0735691744147818 0.0450704180485816 0.298337713577079 0.583022693959557
 0.71929918739733 0.0176066626098299 0.21664875192113 0.0464453980717107
 0.170596801025928 0.357559893884688 0.323533571181296 0.148309733908088
 0.162911329755056 0.348349422420043 0.209182288063058 0.279556959761843

MOTIF MEIS1+M6343_1.02+D
letter-probability matrix: alength= 4 w= 13 nsites= 1 E= 0
 0.138661202185792 0.532103825136612 0.0922131147540984 0.237021857923497
 0.319672131147541 0.0956284153005465 0.316939890710382 0.26775956284153
 0.0737704918032787 0.0956284153005465 0.19672131147541 0.633879781420765
 0.587431693989071 0.0245901639344262 0.0737704918032787 0.314207650273224
 0.707650273224044 0.218579234972678 0.0737704918032787 0
 0.975409836065574 0 0.0245901639344262 0
 0.415300546448087 0.243169398907104 0.270491803278688 0.0710382513661202
 0.0491803278688525 0.803278688524591 0.147540983606557 0
 0.0218579234972678 0.0245901639344262 0.0245901639344262 0.92896174863388
 0.0437158469945355 0 0.931693989071039 0.0245901639344262
 0.0491803278688525 0.0245901639344262 0 0.926229508196721
 0 0.975409836065574 0 0.0245901639344262
 1 0 0 0

MOTIF UBP1+M6529_1.02+D
letter-probability matrix: alength= 4 w= 7 nsites= 1 E= 0
 0.0357142857142857 0.0357142857142857 0.0357142857142857 0.892857142857143
 0.142857142857143 0.428571428571429 0 0.428571428571429
 0 0 0 1
 0.285714285714286 0.714285714285714 0 0
 0 0 0 1
 0.142857142857143 0 0.857142857142857 0
 0.0357142857142857 0.464285714285714 0.464285714285714 0.0357142857142857

MOTIF ISX+M5584_1.02+D
letter-probability matrix: alength= 4 w= 13 nsites= 1 E= 0
 0.158954187875983 0.265617769551134 0.170060157334567 0.405367885238316
 0.0286026200873362 0.0141921397379913 0.0133187772925764 0.943886462882096
 0.901940329647402 0.00792822866680576 0.0283747131233048 0.061756728562487
 0.930477830391735 0.0260439087387 0.0365906155832975 0.00688764528626776
 0.0626003210272873 0.0993401105760656 0.0670590333511682 0.771000535045479
 0.00605274535235625 0.637267617812365 0.0594466061392131 0.297233030696066
 0.00411522633744856 0.127946127946128 0.0592966704077815 0.808641975308642
 0.988114285714286 0.00434285714285714 0.00525714285714286 0.00228571428571429
 0.9942502299908 0.00367985280588776 0.0016099356025759 0.000459981600735971
 0 0.0036857866850956 0.00046072333563695 0.995853489979267
 0.00229990800367985 0.000919963201471941 0.00252989880404784 0.9942502299908
 0.962377560106857 0.00133570792520036 0.0171415850400712 0.0191451469278718
 0.382373351839001 0.170946102243812 0.293546148507981 0.153134397409207

MOTIF FOXO6+M5473_1.02+D
letter-probability matrix: alength= 4 w= 14 nsites= 1 E= 0
 0.0683544303797468 0.110548523206751 0.740084388185654 0.0810126582278481
 0.114335971855761 0.0650835532102023 0.197889182058047 0.622691292875989
 0.0412979351032448 0.793510324483776 0.0383480825958702 0.126843657817109
 0.0167487684729064 0.0137931034482759 0.918226600985222 0.0512315270935961
 0 0.0109622411693057 0.0048721071863581 0.984165651644336
 0.0010183299389002 0.0010183299389002 0.9979633401222 0
 0.00246913580246914 0 0.00123456790123457 0.996296296296296
 0.0168150346191889 0.0029673590504451 0.974282888229476 0.00593471810089021
 0 0.00406917599186165 0.991861648016277 0.00406917599186165
 0.00609137055837563 0.00406091370558376 0.989847715736041 0
 0.0134715025906736 0.00310880829015544 0.981347150259067 0.00207253886010363
 0.937629937629938 0.0249480249480249 0.0221760221760222 0.0152460152460152
 0.825376062786135 0.0340091563113146 0.0372792674950948 0.103335513407456
 0.700065487884741 0.121152586771447 0.0805500982318271 0.0982318271119843

MOTIF RBPJ+M6499_1.02+D
letter-probability matrix: alength= 4 w= 9 nsites= 1 E= 0
 0.115831842576029 0.555903398926655 0.0800536672629696 0.248211091234347
 0.223613595706619 0.0966010733452594 0.638640429338104 0.0411449016100179
 0.0465116279069768 0.0304114490161002 0.00894454382826476 0.914132379248659
 0.0322003577817531 0.0161001788908766 0.935599284436495 0.0161001788908766
 0.0644007155635063 0.0161001788908766 0.840787119856888 0.0787119856887299
 0.0465116279069768 0.0161001788908766 0.937388193202148 0
 0.905187835420395 0.0161001788908766 0.0465116279069768 0.0322003577817531
 0.923076923076924 0 0.0769230769230769 0
 0.503577817531306 0.279964221824687 0.0259391771019678 0.190518783542039

MOTIF HOXA1+M6291_1.02+D
letter-probability matrix: alength= 4 w= 10 nsites= 1 E= 0
 0.0641891891891892 0.807432432432433 0.0641891891891892 0.0641891891891892
 1 0 0 0
 0 0 0.135135135135135 0.864864864864865
 0 1 0 0
 0.243243243243243 0.756756756756757 0 0
 1 0 0 0
 0 0 0 1
 0 0.864864864864865 0 0.135135135135135
 0.635135135135135 0.364864864864865 0 0
 0.516891891891892 0.165540540540541 0.165540540540541 0.152027027027027

MOTIF FOXP3+M6249_1.02+D
letter-probability matrix: alength= 4 w= 9 nsites= 1 E= 0
 0.805555555555556 0 0 0.194444444444444
 0.805555555555556 0.0694444444444444 0 0.125
 0.458333333333333 0.166666666666667 0 0.375
 0.0972222222222222 0.902777777777778 0 0
 0.902777777777778 0.0972222222222222 0 0
 0.486111111111111 0.319444444444444 0.194444444444444 0
 1 0 0 0
 0.125 0 0 0.875
 0.25 0.0972222222222222 0 0.652777777777778

MOTIF SPI1+M4631_1.02+D
letter-probability matrix: alength= 4 w= 15 nsites= 1 E= 0
 0.504 0.122 0.268 0.106
 0.582 0.044 0.342 0.032
 0.906 0.008 0.068 0.018
 0.924 0.006 0.042 0.028
 0.77 0 0.036 0.194
 0.09 0.08 0.826 0.004
 0.746 0.038 0.216 0
 0.01 0 0.99 0
 0 0.002 0.998 0
 1 0 0 0
 1 0 0 0
 0.004 0.074 0.922 0
 0.016 0.028 0.018 0.938
 0 0.138 0.858 0.004
 0.28 0.27 0.392 0.058

MOTIF TFE3+M5930_1.02+D
letter-probability matrix: alength= 4 w= 10 nsites= 1 E= 0
 0.276210235131397 0.10103734439834 0.517081604426003 0.10567081604426
 0.0744121715076072 0.103803596127248 0.220331950207469 0.601452282157676
 0.00888402924895784 0.988177407230233 0.00293856352080913 0
 0.783315276273023 0.0298483206933911 0.06863488624052 0.118201516793066
 0 0.806694560669456 0.0351464435146444 0.1581589958159
 0.0932771024559663 0.00992309600595386 0.89679980153808 0
 0.0927289587083402 0.0503463699339988 0.0681830578737795 0.788741613483881
 0 0.000552944429084877 0.999447055570915 0
 0.382365145228216 0.186099585062241 0.266113416320885 0.165421853388658
 0.0880359612724758 0.266874135546335 0.220055325034578 0.425034578146611

MOTIF FOXC1+M5440_1.02+D
letter-probability matrix: alength= 4 w= 14 nsites= 1 E= 0
 0.274793848896813 0.155504791620236 0.132828170269668 0.436873189213283
 0.298589103538094 0.0633818102886911 0.625265899717821 0.012763186455394
 0.192445019404916 0.0917981888745149 0.0248382923673997 0.69091849935317
 0.442679409358991 0.477592664341986 0.00189418399414525 0.0778337423048775
 0.974919856684895 0.0108429191023949 0.00480859890627946 0.00942862530643032
 0.972206519690974 0.00725456943659318 0.00518183531185227 0.0153570755605804
 0.000712342960756379 0.0825670249967621 0.00479212537236109 0.91192850667012
 0.916371077762619 0.00218281036834925 0.0814461118690314 0
 0.00891109160872207 0.00958617430635253 0.00668331870654155 0.974819415378384
 0.00697217897515738 0.00798754484532593 0.00778447167129222 0.977255804508224
 0.156127754394652 0.00267392919039366 0.369893538004457 0.471304778410498
 0.652232415902141 0.0353516819571865 0.11539245667686 0.197023445463812
 0.0108253053927898 0.632336875558645 0.0599860959380276 0.296851723110537
 0.353758517887564 0.187659710391823 0.148211243611584 0.310370528109029

MOTIF BHLHE41+M5309_1.02+D
letter-probability matrix: alength= 4 w= 10 nsites= 1 E= 0
 0.228362028850628 0.114588180549093 0.648441135411819 0.00860865518845975
 0.00336601785452949 0.00102444021659593 0.179862432313771 0.815747109615103
 0 0.999641319942611 0.000179340028694405 0.000179340028694405
 0.990933333333333 0.00284444444444444 0.00284444444444444 0.00337777777777778
 0 0.999462076385153 0.000179307871615564 0.000358615743231128
 0.000895896792689482 0.000179179358537896 0.998745744490235 0.000179179358537896
 0.00053475935828877 0.00374331550802139 0.00213903743315508 0.993582887700535
 0.00017921146953405 0.000537634408602151 0.998924731182796 0.0003584229390681
 0.741223404255319 0.243484042553191 0.00226063829787234 0.013031914893617
 0.00616316724119921 0.582262613600752 0.109265642954142 0.302308576203907

MOTIF IRF4+M6310_1.02+D
letter-probability matrix: alength= 4 w= 16 nsites= 1 E= 0
 0.455533402954895 0.189573011747371 0.235342616864053 0.119550968433679
 0.625414918906389 0.0713244286219905 0.137991824939787 0.165268827531833
 0.632665430844594 0.0578925446563674 0.1793085690784 0.130133455420638
 0.583973525306774 0.0209879496403288 0.221578896783277 0.173459628269619
 0.439161977265722 0.112376792815006 0.374126225157916 0.0743350047613547
 0.643712014402591 0.0571156520325106 0.194336309544244 0.104836024020654
 0.230921148617687 0.00110969147397301 0.760124141892079 0.00784501801626007
 0.508468769979338 0.00133654645864055 0.489848022652475 0.000346660909545124
 0.9974188268388 0.00258117316120117 0 0
 0.997695391756928 0.000344684619210541 0.00110470178598863 0.000855221837873598
 0.372972001950171 0.343463026439703 0.283241576623054 0.000323394987070196
 0.248840373870774 0.0950714666644875 0.0944423020841567 0.561645857380581
 0.171023041503006 0.0486724878617243 0.764043718453176 0.0162607521820921
 0.890272760511235 0.0246680915651066 0.0691872620226259 0.0158718859010323
 0.705977960391212 0.0195735222087509 0.273508599948456 0.000939917451581831
 0.8849761858551 0.0506104319322708 0.0637182933051094 0.000695088907520045

MOTIF TEAD3+M5907_1.02+D
letter-probability matrix: alength= 4 w= 8 nsites= 1 E= 0
 0.553983552922451 0.00291802988770006 0.394066672561677 0.0490317446281723
 0.115330134795522 0.864519076993374 0.0201507882111035 0
 1 0 0 0
 0 0 0 1
 0.2035122125156 0.00102513817079693 0.043189516847923 0.75227313246568
 0 1 0 0
 0 0.999813502424469 0 0.000186497575531518
 0.478660714285714 0.0231919642857143 0.193169642857143 0.304977678571429

MOTIF SPI1+M6119_1.02+D
letter-probability matrix: alength= 4 w= 15 nsites= 1 E= 0
 0.441926 0.141643 0.325779 0.090652
 0.66289 0.045326 0.25779 0.033994
 0.875354 0 0.076487 0.048159
 0.864023 0 0.07932 0.056657
 0.733711733711734 0 0.0311610311610312 0.235127235127235
 0.124646 0.031161 0.838527 0.005666
 0.640227 0.062323 0.29745 0
 0.073654 0 0.926346 0
 0 0 1 0
 0.994334 0.005666 0 0
 1 0 0 0
 0.014164 0.172805 0.810198 0.002833
 0.050991949008051 0.0198299801700198 0.0254959745040255 0.903682096317904
 0.00566599433400566 0.0906519093480906 0.878186121813878 0.0254959745040255
 0.288952 0.223796 0.402266 0.084986

MOTIF HOXD9+M6304_1.02+D
letter-probability matrix: alength= 4 w= 10 nsites= 1 E= 0
 0.208333333333333 0.375 0.0416666666666667 0.375
 0.5 0.5 0 0
 1 0 0 0
 0 0 0 1
 0.333333333333333 0.166666666666667 0.166666666666667 0.333333333333333
 1 0 0 0
 0.833333333333333 0 0 0.166666666666667
 0.5 0 0.166666666666667 0.333333333333333
 0 0.5 0 0.5
 0.0416666666666667 0.0416666666666667 0.0416666666666667 0.875

MOTIF LEF1+M5596_1.02+D
letter-probability matrix: alength= 4 w= 15 nsites= 1 E= 0
 0.439583333333333 0.0802083333333333 0.0989583333333333 0.38125
 0.417977528089888 0.098876404494382 0.0707865168539326 0.412359550561798
 0.104943625325239 0.484822202948829 0.142237640936687 0.267996530789245
 0.0914454277286136 0.627581120943953 0.135693215339233 0.145280235988201
 0 0.949333333333333 0.0213333333333333 0.0293333333333333
 0.00548696844993141 0.0178326474622771 0 0.976680384087791
 0 0.00561009817671809 0 0.994389901823282
 0.00559440559440559 0 0 0.994405594405594
 0.00498504486540379 0.0488534396809571 0.932203389830508 0.0139581256231306
 0.986813186813187 0 0.0032967032967033 0.00989010989010989
 0.020891364902507 0.00557103064066852 0 0.973537604456824
 0.00230237912509593 0.808135072908672 0.185725249424405 0.00383729854182655
 0.0186170212765957 0.0452127659574468 0.00930851063829787 0.92686170212766
 0.0662460567823344 0.217665615141956 0.0273396424815983 0.688748685594112
 0.126258005489478 0.196706312900274 0.127172918572736 0.549862763037511

MOTIF KLF6+M6325_1.02+D
letter-probability matrix: alength= 4 w= 8 nsites= 1 E= 0
 0.204787234042553 0.215425531914894 0.555851063829787 0.023936170212766
 0.148936170212766 0 0.851063829787234 0
 0 0.0957446808510638 0.808510638297872 0.0957446808510638
 0 0 1 0
 0.138297872340426 0.191489361702128 0.670212765957447 0
 0.191489361702128 0.808510638297872 0 0
 0 0 0.574468085106383 0.425531914893617
 0 0.0531914893617021 0.946808510638298 0

MOTIF FOXD1+M1863_1.02+D
letter-probability matrix: alength= 4 w= 8 nsites= 1 E= 0
 0.05 0.05 0.85 0.05
 0 0 0 1
 0.95 0.05 0 0
 1 0 0 0
 0.9 0.05 0.05 0
 0.05 0.9 0 0.05
 1 0 0 0
 0.35 0.1 0.15 0.4

MOTIF HOXC11+M5549_1.02+D
letter-probability matrix: alength= 4 w= 11 nsites= 1 E= 0
 0.277755185034567 0.105734038226922 0.451403009353396 0.165107767385116
 0.261372204071375 0.120382005529027 0.618245790399598 0
 0.0148379539242483 0.0160093713393206 0.00859039437719641 0.960562280359235
 0.0216977540921203 0.936429387133612 0.00456794822992006 0.0373049105443472
 0.187850775833608 0 0.812149224166392 0
 0.00485436893203883 0 0 0.995145631067961
 0.716178241670012 0.00240867121637896 0.0100361300682457 0.271376957045363
 0.983213429256595 0 0 0.0167865707434053
 0.967741935483871 0.0169158143194335 0.00668764752163651 0.00865460267505901
 0.62341611758743 0.109224531170806 0.070704510897111 0.196654840344653
 0.28739837398374 0.255284552845528 0.15609756097561 0.301219512195122

MOTIF ESRRA+M4663_1.02+D
letter-probability matrix: alength= 4 w= 19 nsites= 1 E= 0
 0.195900195900196 0.371298371298371 0.205011205011205 0.227790227790228
 0.334851665148335 0.30979469020531 0.177676822323178 0.177676822323178
 0.585421585421585 0.0660590660590661 0.33029633029633 0.0182230182230182
 0.091116 0 0.874715 0.034169
 0.104783895216105 0.0387239612760387 0.797266202733797 0.0592259407740592
 0.154897154897155 0.0751710751710752 0.255125255125255 0.514806514806515
 0.00683399316600683 0.838268161731838 0.0296129703870296 0.125284874715125
 0.747153 0.013667 0.14123 0.09795
 0.175399 0.275626 0.332574 0.216401
 0.161731 0.250569 0.318907 0.268793
 0.159453 0.318907 0.412301 0.109339
 0 0.013667 0 0.986333
 0.00683399316600683 0.0296129703870296 0.963553036446964 0
 0.915718 0.056948 0.013667 0.013667
 0 1 0 0
 0.193622 0.758542 0.002278 0.045558
 0.082004917995082 0.248291751708248 0.041001958998041 0.628701371298629
 0.243736 0.138952 0.398633 0.218679
 0.216401 0.193622 0.375854 0.214123

MOTIF VSX2+M3059_1.02+D
letter-probability matrix: alength= 4 w= 14 nsites= 1 E= 0
 0.25 0.1875 0.3125 0.25
 0.222222222222222 0.222222222222222 0.444444444444444 0.111111111111111
 0.15 0.4 0.25 0.2
 0 0.05 0 0.95
 1 0 0 0
 1 0 0 0
 0.05 0 0 0.95
 0 0 0 1
 0.9 0.05 0 0.05
 0.05 0.1 0.85 0
 0.157894736842105 0.789473684210526 0.0526315789473684 0
 0.157894736842105 0.263157894736842 0.315789473684211 0.263157894736842
 0.315789473684211 0.315789473684211 0.157894736842105 0.210526315789474
 0.388888888888889 0.111111111111111 0.222222222222222 0.277777777777778

MOTIF FOXL1+M1865_1.02+D
letter-probability matrix: alength= 4 w= 8 nsites= 1 E= 0
 0.304347826086958 0.0434782608695648 0.173913043478259 0.478260869565218
 0.43478260869565 0.17391304347826 0.08695652173913 0.30434782608696
 0.26086956521739 0.1304347826087 0.26086956521739 0.34782608695652
 0.56521739130435 0.17391304347826 0.17391304347826 0.08695652173913
 0.17391304347826 0.43478260869565 0.08695652173913 0.30434782608696
 0.91304347826087 0 0.08695652173913 0
 0 0.08695652173913 0 0.91304347826087
 0.956521739130435 0.0434782608695652 0 0

MOTIF MAFK+M5609_1.02+D
letter-probability matrix: alength= 4 w= 12 nsites= 1 E= 0
 0.401606425702811 0.157850449416714 0.207343660355709 0.233199464524766
 0.463550829954869 0.0745047043524822 0.156849996175323 0.305094469517326
 0.470606234461656 0.051788104800153 0.0824631860776439 0.395142474660547
 0.411971696309046 0.0747752916427615 0.0736278447121821 0.439625167336011
 0.290686555746797 0.161981258366801 0.217555938037866 0.329776247848537
 0.0402402770541543 0.158448006374697 0.0000306475834380459 0.80128106898771
 0 0 1 0
 0.0575604150956946 0.938812883766024 0.00362670113828145 0
 0.00741385179861558 0.00363127435034232 0 0.988954873851042
 0.00337372624621316 0 0.900061966400441 0.0965643073533462
 0.974650512581547 0.0121528424976701 0 0.0131966449207829
 0.05530694205393 0.476037483266399 0.291834002677376 0.176821572002295

MOTIF ELK1+M3186_1.02+D
letter-probability matrix: alength= 4 w= 14 nsites= 1 E= 0
 0.129032258064516 0.387096774193548 0.161290322580645 0.32258064516129
 0.161290322580645 0.387096774193548 0.258064516129032 0.193548387096774
 0.354838709677419 0.290322580645161 0.193548387096774 0.161290322580645
 0.387096774193548 0.0967741935483871 0.354838709677419 0.161290322580645
 0.193548387096774 0.645161290322581 0.0967741935483871 0.0645161290322581
 0.161290322580645 0.741935483870968 0.0645161290322581 0.032258064516129
 0 0 1 0
 0 0 1 0
 1 0 0 0
 0.870967741935484 0 0 0.129032258064516
 0.290322580645161 0.129032258064516 0.548387096774194 0.032258064516129
 0.0645161290322581 0.258064516129032 0.161290322580645 0.516129032258065
 0.258064516129032 0.290322580645161 0.225806451612903 0.225806451612903
 0.258064516129032 0.354838709677419 0.193548387096774 0.193548387096774

MOTIF FOXJ2+M6241_1.02+D
letter-probability matrix: alength= 4 w= 10 nsites= 1 E= 0
 0.320580474934037 0.130606860158311 0.08311345646438 0.465699208443272
 0.738786279683378 0.237467018469657 0.0237467018469657 0
 0.66490765171504 0 0.216358839050132 0.118733509234829
 0.807387862796834 0 0.192612137203166 0
 0 0.451187335092349 0 0.548812664907652
 1 0 0 0
 1 0 0 0
 0.976253298153034 0.0237467018469657 0 0
 0.0474934036939314 0.643799472295515 0 0.308707124010554
 0.976253298153034 0 0.0237467018469657 0

MOTIF ESR1+M4696_1.02+D
letter-probability matrix: alength= 4 w= 18 nsites= 1 E= 0
 0.162303837696162 0.21989478010522 0.256544743455257 0.361256638743361
 0.172775 0.518324 0.08377 0.225131
 0.256545 0.371728 0.151832 0.219895
 0.659685 0.068063 0.21466 0.057592
 0.015707 0 0.753927 0.230366
 0 0 0.984293 0.015707
 0 0.005236 0.146597 0.848167
 0 0.942408 0.057592 0
 0.942408 0 0 0.057592
 0.130890130890131 0.434555434555435 0.23036623036623 0.204188204188204
 0.240838 0.308901 0.230366 0.219895
 0.183246183246183 0.403141403141403 0.272251272251272 0.141361141361141
 0.08377 0.089005 0.031414 0.795811
 0.104712 0 0.895288 0
 0.502618 0.209424 0.141361 0.146597
 0.057592 0.795811 0.031414 0.115183
 0.020942 0.86911 0 0.109948
 0.015707 0.418848 0.010471 0.554974

MOTIF SRY+M5872_1.02+D
letter-probability matrix: alength= 4 w= 13 nsites= 1 E= 0
 0.0087719298245614 0.00584795321637427 0 0.985380116959064
 0.00441826215022091 0 0.992636229749632 0.00294550810014728
 0.992636229749632 0 0 0.00736377025036819
 0.992636229749632 0.00589101620029455 0 0.00147275405007364
 0.00147275405007364 0.00294550810014728 0.00294550810014728 0.992636229749632
 0.805256869772999 0.020310633213859 0.149342891278375 0.025089605734767
 0.413333333333333 0.302222222222222 0.13037037037037 0.154074074074074
 0 0.989720998531571 0.00293685756240822 0.00734214390602056
 0.994100294985251 0.00147492625368732 0 0.00442477876106195
 0 0 0 1
 0.00148148148148148 0 0 0.998518518518518
 0 0.934812760055479 0.00416088765603329 0.0610263522884882
 0.947960618846695 0.00984528832630099 0.00421940928270042 0.0379746835443038

MOTIF TFAP2B+M5919_1.02+D
letter-probability matrix: alength= 4 w= 13 nsites= 1 E= 0
 0.23448275862069 0.117241379310345 0.0727969348659004 0.575478927203065
 0 0.236350574712644 0.763649425287356 0
 0 1 0 0
 0 1 0 0
 0.00533617929562433 0.826040554962647 0.0234791889007471 0.145144076840982
 0.026578073089701 0.38953488372093 0.109634551495017 0.474252491694352
 0.115930599369085 0.272082018927445 0.309148264984227 0.302839116719243
 0.489504617968094 0.167926112510495 0.308144416456759 0.0344248530646516
 0.244761106454317 0.0444258172673931 0.701592623637888 0.00922045264040235
 0 0 1 0
 0 0 1 0
 0 0.84622641509434 0.15377358490566 0
 0.559862187769165 0.0913006029285099 0.154177433247201 0.194659776055125

MOTIF E2F2+M5355_1.02+D
letter-probability matrix: alength= 4 w= 18 nsites= 1 E= 0
 0.134969325153374 0.460122699386503 0.190184049079755 0.214723926380368
 0.506756756756757 0.0472972972972973 0.168918918918919 0.277027027027027
 0.0620689655172414 0.0137931034482759 0.00689655172413793 0.917241379310345
 0.0563380281690141 0 0.00704225352112676 0.936619718309859
 0.028169014084507 0 0.0140845070422535 0.957746478873239
 0.013986013986014 0.013986013986014 0.027972027972028 0.944055944055944
 0.00917431192660551 0.0275229357798165 0.963302752293578 0
 0 0 1 0
 0 1 0 0
 0 0 1 0
 0 1 0 0
 0 0.98695652173913 0.00869565217391304 0.00434782608695652
 0.934782608695652 0.0326086956521739 0.00543478260869565 0.0271739130434783
 0.901639344262295 0.0109289617486339 0.0109289617486339 0.0765027322404372
 0.909574468085106 0.0159574468085106 0.0159574468085106 0.0585106382978723
 0.878306878306878 0 0 0.121693121693122
 0.240506329113924 0.284810126582278 0.10126582278481 0.373417721518987
 0.0680272108843537 0.272108843537415 0.210884353741497 0.448979591836735

MOTIF FOXG1+M5449_1.02+D
letter-probability matrix: alength= 4 w= 17 nsites= 1 E= 0
 0.576732673267327 0 0.418316831683168 0.00495049504950495
 0.009375 0.028125 0 0.9625
 0.980237154150198 0.0197628458498024 0 0
 1 0 0 0
 0.992 0 0 0.008
 0 0.978947368421053 0 0.0210526315789474
 1 0 0 0
 0.99203187250996 0 0.00796812749003984 0
 0.0476190476190476 0.112244897959184 0.0782312925170068 0.761904761904762
 0.32741116751269 0.0050761421319797 0.284263959390863 0.383248730964467
 0.0407725321888412 0 0.959227467811159 0
 0.00638977635782748 0 0 0.993610223642173
 1 0 0 0
 1 0 0 0
 1 0 0 0
 0 1 0 0
 0.992424242424242 0.00378787878787879 0 0.00378787878787879

MOTIF ESX1+M5415_1.02+D
letter-probability matrix: alength= 4 w= 10 nsites= 1 E= 0
 0.202762260337422 0.174915082952025 0.409370350616175 0.212952306094377
 0.159700193695085 0.286612581758976 0.215001543946327 0.338685680599613
 0.0640460947503201 0.0114980793854033 0.0122151088348271 0.912240717029449
 0.788765139605429 0.028208932090428 0.100635475942696 0.0823904523614463
 0.953047247043716 0.000107014821552785 0.0266199368612553 0.0202258012734764
 0.0272120742647243 0.0216647092631 0.0609710387565906 0.890152177715585
 0.0539847493083204 0.076838293182176 0.0678858222552129 0.801291135254291
 0.452602683496242 0.0121090843787681 0.461299674183535 0.0739885579414557
 0.240413227780585 0.150524956487564 0.427348267924316 0.181713547807535
 0.20550752301819 0.266253087805974 0.228862564563216 0.299376824612621

MOTIF SOX9+M5852_1.02+D
letter-probability matrix: alength= 4 w= 17 nsites= 1 E= 0
 0.425946114312412 0.200124591185174 0.219747702850023 0.154181591652391
 0.999377431906615 0 0 0.000622568093385214
 0 0.000933561537264665 0 0.999066438462735
 0.00403288351171087 0 0.995967116488289 0
 0.999844285269387 0.000155714730613516 0 0
 0.997359428393911 0.000310655483069276 0.00232991612301957 0
 0.000311187179088222 0.000622374358176443 0 0.999066438462735
 0.000311284046692607 0.000311284046692607 0.204980544747082 0.794396887159533
 0.114953271028037 0.056386292834891 0.4898753894081 0.338785046728972
 0 0.806632414759458 0.000311380974622451 0.193056204265919
 0.998445031876847 0.00062198724926139 0.000932980873892085 0
 0.000306044376434583 0 0.982555470543229 0.0171384850803366
 0.000622568093385214 0 0 0.999377431906615
 0.000311187179088222 0.999066438462735 0 0.000622374358176443
 0.999377431906615 0 0.000622568093385214 0
 0.00371459526389104 0.000619099210648506 0.00185729763194552 0.993809007893515
 0.20990345686702 0.194799127997509 0.204764870756774 0.390532544378698

MOTIF MEF2A+M3552_1.02+D
letter-probability matrix: alength= 4 w= 22 nsites= 1 E= 0
 0.22 0.22 0.24 0.32
 0.26 0.27 0.29 0.18
 0.26530612244898 0.142857142857143 0.26530612244898 0.326530612244898
 0.18 0.21 0.37 0.24
 0.22 0.03 0.49 0.26
 0.31 0.1 0.09 0.5
 0.15 0.04 0.39 0.42
 0 0.98 0 0.02
 0 0 0 1
 0.8 0 0.01 0.19
 0.53 0 0 0.47
 0.92 0 0 0.08
 0.919191919191919 0.0101010101010101 0.0202020202020202 0.0505050505050505
 0.99 0 0 0.01
 0 0 0 1
 0.98 0 0 0.02
 0.05 0 0.92 0.03
 0.46 0.39 0.04 0.11
 0.42 0.27 0.06 0.25
 0.26 0.34 0.06 0.34
 0.3 0.28 0.18 0.24
 0.3 0.28 0.23 0.19

MOTIF REST+M4655_1.02+D
letter-probability matrix: alength= 4 w= 21 nsites= 1 E= 0
 0.134328 0.017413 0.761194 0.087065
 0.052239 0.218905 0.646766 0.08209
 0.266169 0.544776 0.017413 0.171642
 0.0771140771140771 0.106965106965107 0.721393721393721 0.0945270945270945
 0.004975 0.977612 0.004975 0.012438
 0.00995 0 0 0.99005
 0.022388 0.089552 0.88806 0
 0.039801 0.007463 0.062189 0.890547
 0 0.985075 0 0.014925
 0.002488 0.982587 0 0.014925
 0.462686537313463 0.092039907960092 0.353233646766353 0.092039907960092
 0.18408 0.159204 0.099502 0.557214
 0.022388 0.00995 0.960199 0.007463
 0 0 1 0
 0.004975 0 0 0.995025
 0.0472639527360473 0.136815863184137 0.763681236318764 0.0522389477610522
 0 0.972637 0.014925 0.012438
 0.007463 0.022388 0 0.970149
 0.037313 0.014925 0.940299 0.007463
 0.783582 0.064677 0.141791 0.00995
 0.554726 0.256219 0.087065 0.10199

MOTIF ENSG00000234254+M1035_1.02+I
letter-probability matrix: alength= 4 w= 10 nsites= 1 E= 0
 0.34761939348844 0.190777568097734 0.237723488315804 0.223879550098022
 0.205825889055068 0.26962459769041 0.32279924986988 0.201750263384642
 0.215652211479507 0.475167312024742 0.144556000336395 0.164624476159356
 0.0253299646711755 0.156332956442998 0.00431452859057299 0.814022550295254
 0.0256741705369987 0.0100290456630853 0.939629311888805 0.0246674719111107
 0.0362348814733925 0.0252802189835126 0.00397498999799735 0.934509909545098
 0.00555118155289959 0.976535199870284 0.000729067322489902 0.0171845512543267
 0.839753991503657 0.0258706463978502 0.0558745490464136 0.0785008130520788
 0.315394072043664 0.209311354817782 0.201104139204948 0.274190433933606
 0.289814201437274 0.221238218554912 0.196220697423225 0.292726882584589

MOTIF CTCF+M4644_1.02+D
letter-probability matrix: alength= 4 w= 15 nsites= 1 E= 0
 0.230461 0.082164 0.543086 0.144289
 0.0601200601200601 0.823647823647824 0.0741480741480742 0.0420840420840421
 0.018036 0.975952 0.004008 0.002004
 0.757515 0.01002 0.138277 0.094188
 0.0320640320640321 0.615230615230615 0.342685342685343 0.01002001002001
 0.136273 0.501002 0.064128 0.298597
 0.895792 0.008016 0.056112 0.04008
 0 0 1 0
 0.43487 0.002004 0.561122 0.002004
 0.03006 0.022044 0.547094 0.400802
 0.01002 0 0.985972 0.004008
 0.04008 0.014028 0.881764 0.064128
 0.0961920961920962 0.807615807615808 0.016032016032016 0.0801600801600802
 0.430862 0.016032 0.521042 0.032064
 0.0641280641280641 0.543086543086543 0.324649324649325 0.0681360681360681

MOTIF HSF2+M6287_1.02+D
letter-probability matrix: alength= 4 w= 14 nsites= 1 E= 0
 0.34139241925624 0.261790341991309 0.308834144725129 0.0879830940273219
 0.067212829643076 0.084088476869875 0.766479824386581 0.0822188691004513
 0.750296720432387 0.0685647361978795 0.117061017681046 0.0640775256886734
 0.692768717002819 0.0605789405833685 0.110645927895798 0.136006414518001
 0.120980577681473 0.230400031135392 0.280198073073843 0.368421318109292
 0.304404390402044 0.189921001040736 0.415817934655191 0.0898566739020296
 0.0960469732972932 0.0361830540862938 0.0787381748539936 0.789031797762405
 0.0645455836956032 0.0485172066217223 0.0926486157155808 0.794288593967079
 0.0442910939366257 0.795094907058229 0.120599999422189 0.0400139995829425
 0.0677002010613284 0.137598120372052 0.161984052696789 0.632717625869821
 0.582009114133276 0.177806331700674 0.174563806129545 0.0656207480364944
 0.0168635486711487 0.119123162364877 0.810128754553192 0.0538845344107638
 0.725305699786904 0.0617122042254749 0.114388240532069 0.0985938554555386
 0.550779981078694 0.162435031943249 0.138522027796482 0.148262959181575

MOTIF MEOX1+M5623_1.02+D
letter-probability matrix: alength= 4 w= 10 nsites= 1 E= 0
 0.301899366877707 0.23458847050983 0.328557147617461 0.134955014995002
 0.0459418070444104 0.501378254211332 0.417457886676876 0.0352220520673813
 0.0181663355095089 0.115242690888447 0.0150439965938121 0.851546977008232
 0.742942050520059 0.210004952947003 0.0373947498761763 0.00965824665676077
 0.998336106489185 0 0.000665557404326123 0.000998336106489185
 0.00263417846559104 0.00954889693776753 0 0.987816924596641
 0.00390625 0.0675223214285714 0.0915178571428571 0.837053571428571
 0.897129186602871 0 0.101076555023923 0.00179425837320574
 0.318772924308103 0.30376792264088 0.14971657219073 0.227742580860287
 0.190603132289237 0.436187937354215 0.204598467177607 0.16861046317894

MOTIF CTCF+M6183_1.02+D
letter-probability matrix: alength= 4 w= 19 nsites= 1 E= 0
 0.0980518091356969 0.311078940860633 0.146933400266574 0.443935849737096
 0.162331246258207 0.162329401296484 0.443265247243669 0.232074105201639
 0.240415023933073 0.0807497308494824 0.534475006927597 0.14436023828985
 0.0596598485009066 0.850641218405277 0.0402473740557665 0.0494515590380551
 0.00822391479990987 0.960676694246078 0.0120868897920387 0.0190125011619755
 0.67236841134605 0.0324127482998939 0.187935039187253 0.107283801166813
 0.0404735716841915 0.586411683872354 0.358119756374639 0.0149949880688177
 0.12399264759447 0.455660741686086 0.13461047345919 0.285736137260254
 0.834338441430278 0.0618917313268011 0.0500299425393858 0.0537398847035417
 0.00283881371473793 0.00386966827823472 0.979327971220025 0.0139635467870031
 0.337985252427046 0.00575251454060428 0.652249524335022 0.00401270869733071
 0.055176534513852 0.0376354218372002 0.568115002852171 0.33907304079678
 0.0135222645937168 0.000207875631092214 0.974371627787414 0.0118982319877785
 0.0412997163901655 0.0219434053478846 0.877859058361112 0.0588978199008429
 0.103615287420627 0.823833249740842 0.0143427830603617 0.058208679778175
 0.450847480608013 0.0145098402644747 0.515614803777137 0.0190278753503769
 0.062361552549867 0.505315726345468 0.394931662787545 0.0373910583171208
 0.139532082071226 0.35032248724968 0.108914454199351 0.401230976479742
 0.395647080271749 0.24224647533214 0.310730776537754 0.051375667858355

MOTIF HSF2+M5566_1.02+D
letter-probability matrix: alength= 4 w= 13 nsites= 1 E= 0
 0.0968858131487889 0.0311418685121107 0.848283204684589 0.0236891136545116
 0.947384066587396 0.012782401902497 0.0264565992865636 0.0133769322235434
 0.914490674318508 0.0252510760401722 0.0195121951219512 0.0407460545193687
 0.160338876686539 0.379353624097898 0.146846564166928 0.313460935048635
 0.307812990272984 0.197678067147788 0.441167241920301 0.0533417006589269
 0.0325399216631516 0.00692979813196746 0.000301295570955107 0.960228984633926
 0.00856793145654835 0.00122399020807834 0.0149938800489596 0.975214198286414
 0.000313479623824451 0.999059561128527 0 0.000626959247648903
 0 0.174295774647887 0.124339788732394 0.701364436619718
 0.760439036029587 0.0699117155810069 0.169410641851587 0.000238606537819136
 0 0.00062402496099844 0.994383775351014 0.00499219968798752
 0.977907333537895 0.0144216017183185 0.000613685179502915 0.00705737956428352
 0.913704128440367 0.0260894495412844 0.0106077981651376 0.049598623853211

MOTIF BARHL2+M5295_1.02+D
letter-probability matrix: alength= 4 w= 10 nsites= 1 E= 0
 0.215733803437638 0.259585720581754 0.317540766857647 0.207139709122962
 0.189510797708242 0.313574261789335 0.173644777434993 0.323270163067431
 0.0711974110032362 0.0109223300970874 0 0.917880258899676
 0.957990289212582 0 0.025965801139962 0.0160439096474562
 1 0 0 0
 0.294808405438813 0.026946847960445 0.117305315203955 0.560939431396786
 0.120561101984077 0.173891065335524 0.132061165171237 0.573486667509162
 0.185683441288822 0 0.75369539943531 0.0606211592758678
 0.199427060379022 0.365579550462759 0.235786690171882 0.199206698986338
 0.195417492839833 0.258647279136374 0.181978409341265 0.363956818682529

MOTIF NEUROD2+M5652_1.02+D
letter-probability matrix: alength= 4 w= 10 nsites= 1 E= 0
 0.380592312539382 0.0749842470069313 0.484562066792691 0.0598613736609956
 0.32095006090134 0.532886723507917 0.146163215590743 0
 0 0.943519619500594 0.0564803804994055 0
 0.815100154083205 0 0.15819209039548 0.0267077555213148
 0 0.0895008605851979 0 0.910499139414802
 0.9073756432247 0.0686106346483705 0.021726700971984 0.00228702115494568
 0 0.171279373368146 0 0.828720626631854
 0 0 0.934078869923484 0.0659211300765156
 0 0.22939729397294 0.433579335793358 0.337023370233702
 0.13169502205419 0.373030875866415 0.0636420919974795 0.431632010081916

MOTIF CTCF+M4441_1.02+D
letter-probability matrix: alength= 4 w= 15 nsites= 1 E= 0
 0.072 0.398 0.14 0.39
 0.124 0.18 0.548 0.148
 0.194 0.08 0.6 0.126
 0.076 0.828 0.052 0.044
 0.014 0.98 0.004 0.002
 0.73 0.006 0.208 0.056
 0.018 0.596 0.374 0.012
 0.126 0.572 0.108 0.194
 0.856 0.048 0.074 0.022
 0.014 0.012 0.968 0.006
 0.33 0.004 0.664 0.002
 0.034 0.044 0.496 0.426
 0.01 0 0.984 0.006
 0.038 0.02 0.864 0.078
 0.054 0.892 0.006 0.048

MOTIF PRRX2+M6440_1.02+D
letter-probability matrix: alength= 4 w= 7 nsites= 1 E= 0
