MEME version 4

ALPHABET= ACGT

strands: + -

Background letter frequencies
A 0.25 C 0.25 G 0.25 T 0.25

MOTIF Nobox+M1945_1.02+D
letter-probability matrix: alength= 4 w= 8 nsites= 1 E= 0
 0 0.0263157894736839 0 0.973684210526316
 0.947368421052632 0 0 0.0526315789473681
 1 0 0 0
 0.0263157894736841 0.0263157894736841 0.0526315789473682 0.894736842105264
 0.0526315789473681 0 0.10526315789474 0.842105263157892
 0.394736842105262 0 0.578947368421054 0.0263157894736842
 0.105263157894739 0.315789473684207 0.473684210526315 0.105263157894739
 0.0526315789473681 0.342105263157891 0.15789473684211 0.447368421052631

MOTIF Ets1+M0707_1.02+D
letter-probability matrix: alength= 4 w= 10 nsites= 1 E= 0
 0.27837695180699 0.232519975394918 0.251885882318011 0.237217190480082
 0.400903795852582 0.166288043772644 0.271434671012276 0.161373489362499
 0.188698726948601 0.487920120893324 0.235133092733378 0.0882480594246968
 0.287617702400871 0.608886680683624 0.0976736848494273 0.0058219320660785
 0.0298864399156953 2.96757534406774e-7 0.97010553293036 0.00000773039641059563
 0.0137702875891027 0.000214920561272726 0.975073835643523 0.0109409562061017
 0.969811178974406 0.00484090357615481 0.011788227835558 0.0135596896138813
 0.548525066880912 0.0953193639814847 0.0267686915795451 0.329386877558059
 0.376062642136353 0.0908996118574884 0.473312445108536 0.0597253008976219
 0.144104898518222 0.281615170738901 0.119168862079449 0.455111068663428

MOTIF Dlx5+M0981_1.02+D
letter-probability matrix: alength= 4 w= 7 nsites= 1 E= 0
 0.204525192553712 0.110023189693769 0.0891830642603212 0.596268553492198
 0.636768101769309 0.0836302705252784 0.182437115682976 0.097164512022437
 0.800512609285516 0.00665422695376055 0.0718982758410387 0.120934887919685
 0.0957340463278116 0.118104992541315 0.13316300724344 0.652997953887433
 0.161719702315744 0.173445703801582 0.211847061007129 0.452987532875545
 0.313028343020331 0.103161295532206 0.448672731614848 0.135137629832615
 0.20026981938364 0.304802965830969 0.275797128616855 0.219130086168536

MOTIF Emx1+M0892_1.02+I
letter-probability matrix: alength= 4 w= 10 nsites= 1 E= 0
 0.278360185678654 0.30763558195699 0.270133398910951 0.143870833453405
 0.130957609442052 0.40947411030498 0.130957609442052 0.328610670810917
 0.0773097167607401 0.0780866923312834 0.00927961120587331 0.835323979702103
 0.925285603434765 0.0179951531283861 0.0392559274577966 0.0174633159790522
 0.972773536014093 0.00258610092724154 0.00434989326415021 0.020290469794515
 0.0337149352397632 0.021283687227841 0.0217136462304804 0.923287731301915
 0.0735691744147818 0.0450704180485816 0.298337713577079 0.583022693959557
 0.71929918739733 0.0176066626098299 0.21664875192113 0.0464453980717107
 0.170596801025928 0.357559893884688 0.323533571181296 0.148309733908088
 0.162911329755056 0.348349422420043 0.209182288063058 0.279556959761843

MOTIF Mnx1+M0911_1.02+D
letter-probability matrix: alength= 4 w= 10 nsites= 1 E= 0
 0.247073381404568 0.284202037018014 0.206373035526165 0.262351546051253
 0.149869756478849 0.0751710833353072 0.0400355026614502 0.734923657524394
 0.706549261411469 0.0909575510793283 0.126519054587411 0.0759741329217915
 0.851645322479916 0.00890996356953983 0.0441313384481858 0.0953133755023587
 0.0706917367063635 0.0916822402091125 0.0963828891820298 0.741243133902494
 0.120798642553738 0.217919351741018 0.22681280919554 0.434469196509704
 0.367811872797624 0.0889052852576551 0.402450292450496 0.140832549494225
 0.215590340058799 0.296895443001558 0.274069036606143 0.213445180333501
 0.220650649991386 0.26950331248021 0.211998814255251 0.297847223273153
 0.238452223159467 0.238452223159467 0.243269277598826 0.279826276082239

MOTIF Dlx2+M0950_1.02+D
letter-probability matrix: alength= 4 w= 9 nsites= 1 E= 0
 0.304717713881774 0.228009163704727 0.194296592683613 0.272976529729885
 0.151960831912214 0.0739672777598176 0.0214049628320876 0.752666927495881
 0.823630407355842 0.0526529303915204 0.108171928820908 0.0155447334317297
 0.943176552324679 0.000269618708335832 0.0247605952872195 0.0317932336797662
 0.0831885093842282 0.0654383992048826 0.100595671499357 0.750777419911532
 0.166825186799681 0.13934410905113 0.182535829267754 0.511294874881436
 0.341884844855311 0.086010894601803 0.43029626911292 0.141807991429966
 0.195605684075317 0.309853875436688 0.288905838534491 0.205634601953504
 0.223337437579557 0.278295584026559 0.225582016143001 0.272784962250883

MOTIF Rela+M6138_1.02+D
letter-probability matrix: alength= 4 w= 30 nsites= 1 E= 0
 0.177083 0.375 0.125 0.322917
 0.197917 0.302083 0.0625 0.4375
 0 0.6875 0.104167 0.208333
 0.052083 0.291667 0.010417 0.645833
 0.0937500937500938 0.270833270833271 0.114583114583115 0.520833520833521
 0 0.708333 0.166667 0.125
 0.125 0.666667 0 0.208333
 0.145833 0.25 0.010417 0.59375
 0.166667 0.46875 0.145833 0.21875
 0.052083 0.65625 0.0625 0.229167
 0.166667 0.5 0 0.333333
 0.09375 0.354167 0.083333 0.46875
 0.072917 0.625 0 0.302083
 0.15625 0.541667 0 0.302083
 0.145833 0.291667 0.208333 0.354167
 0.177083 0.572917 0 0.25
 0.15625 0.385417 0.020833 0.4375
 0.0520830520830521 0.302083302083302 0.114583114583115 0.531250531250531
 0.0520830520830521 0.656250656250656 0.0520830520830521 0.23958323958324
 0.0729169270830729 0.437499562500437 0.0416669583330417 0.447916552083448
 0.052083 0.666667 0.145833 0.135417
 0.15625 0.635417 0 0.208333
 0.4375 0.072917 0.03125 0.458333
 0.15625 0.322917 0.208333 0.3125
 0.177083 0.270833 0.197917 0.354167
 0.03125 0.614583 0.21875 0.135417
 0.0416669583330417 0.635416364583635 0 0.322916677083323
 0.114583114583115 0.114583114583115 0 0.770833770833771
 0 0.416667 0.34375 0.239583
 0 0.385416614583385 0.166666833333167 0.447916552083448

MOTIF Max+M0223_1.02+D
letter-probability matrix: alength= 4 w= 9 nsites= 1 E= 0
 0.289595105336985 0.241890164865846 0.283860738048402 0.184653991748767
 0.20893574104268 0.392299957726435 0.215298781661277 0.183465519569607
 0.190230363936139 0.6706422124271 0.0846255118490927 0.0545019117876684
 0.482081618915865 0.0889534708735121 0.313598477526483 0.11536643268414
 0.0153618765969443 0.797824695801527 0.0674838894304871 0.119329538171041
 0.289913873807875 0.047445604779658 0.658249403288018 0.00439111812444973
 0.0523439107107286 0.0214953280581465 0.0121561548312439 0.914004606399881
 0.00011619791497156 0.0000175542292033711 0.99978436456909 0.00008188328673544561
 0.17407770131646 0.304753044580665 0.32685013357103 0.194319120531844

MOTIF Smad3+M1573_1.02+D
letter-probability matrix: alength= 4 w= 10 nsites= 1 E= 0
 0.161346642207447 0.312172246489681 0.137490539031344 0.388990572271528
 0.00188037248073263 0.000028197270005937904 0.917332391999292 0.0807590382499695
 0.0599483214354388 0.0481096548600241 0.263349719662321 0.628592304042216
 0.00578225964228243 0.858163419537865 0.067006829527618 0.0690474912922346
 0.00654628544708139 0.0758606254523989 0.339983735872904 0.577609353227615
 0.253754249287606 0.214083532191927 0.390085628821392 0.142076589699076
 0.243170354646789 0.197110058570661 0.381367030313544 0.178352556469005
 0.290030832436687 0.210605609706962 0.244688809062018 0.254674748794333
 0.293112813070323 0.228276488357067 0.210725757900994 0.267884940671616
 0.261235463828849 0.234023645852251 0.216031052930129 0.288709837388771

MOTIF Hoxd10+M1045_1.02+D
letter-probability matrix: alength= 4 w= 8 nsites= 1 E= 0
 0.232472384208239 0.141001628570698 0.172219778035509 0.454306209185555
 0.195416057895765 0.163225211996715 0.130991300933641 0.510367429173878
 0.290448996339647 0.153151555357356 0.144232703100284 0.412166745202714
 0.48272049627802 0.165577241785865 0.179367684725494 0.172334577210622
 0.150738714220976 0.256094871726714 0.144828164695893 0.448338249356417
 0.186947545182898 0.177830005817651 0.317611224499725 0.317611224499725
 0.334626752633818 0.169527599003876 0.302782806864055 0.193062841498251
 0.186800214293651 0.323772035132674 0.242266818102412 0.247160932471264

MOTIF Foxd2+M1863_1.02+I
letter-probability matrix: alength= 4 w= 8 nsites= 1 E= 0
 0.05 0.05 0.85 0.05
 0 0 0 1
 0.95 0.05 0 0
 1 0 0 0
 0.9 0.05 0.05 0
 0.05 0.9 0 0.05
 1 0 0 0
 0.35 0.1 0.15 0.4

MOTIF Vsx2+M3059_1.02+I
letter-probability matrix: alength= 4 w= 14 nsites= 1 E= 0
 0.25 0.1875 0.3125 0.25
 0.222222222222222 0.222222222222222 0.444444444444444 0.111111111111111
 0.15 0.4 0.25 0.2
 0 0.05 0 0.95
 1 0 0 0
 1 0 0 0
 0.05 0 0 0.95
 0 0 0 1
 0.9 0.05 0 0.05
 0.05 0.1 0.85 0
 0.157894736842105 0.789473684210526 0.0526315789473684 0
 0.157894736842105 0.263157894736842 0.315789473684211 0.263157894736842
 0.315789473684211 0.315789473684211 0.157894736842105 0.210526315789474
 0.388888888888889 0.111111111111111 0.222222222222222 0.277777777777778

MOTIF Arid3a+M0106_1.02+D
letter-probability matrix: alength= 4 w= 9 nsites= 1 E= 0
 0.287206939393284 0.137030427435866 0.210651055515525 0.365111577655325
 0.21987217097085 0.145918221272923 0.0769415726153654 0.557268035140861
 0.118815780491721 0.0765216900417739 0.071348350884552 0.733314178581953
 0.0706816722794082 0.0821203871854347 0.0602309480282704 0.786966992506887
 0.408983438231279 0.0393964086957739 0.306027406586472 0.245592746486475
 0.964658602159468 0.012326781576929 0.0132205740896339 0.00979404217396957
 0.000825649871020928 0.0174338813900536 0.000894415827692385 0.980846052911233
 0.322598211270614 0.238986632880709 0.0924259350070582 0.345989220841619
 0.30094521959172 0.229735409565496 0.199722370273203 0.269597000569581

MOTIF Tcfap2a+M0082_1.02+D
letter-probability matrix: alength= 4 w= 10 nsites= 1 E= 0
 0.220376843233673 0.335405083126455 0.102037358383633 0.342180715256239
 0.111783855635686 0.19374970511141 0.669524089636586 0.0249423496163177
 0.00955288509820433 0.989147254256546 0.000370405552393628 0.000929455092855972
 0.000437167247259141 0.891192593513859 0.000323861462271249 0.108046377776611
 0.0462226229272057 0.377461792494246 0.191228558068319 0.38508702651023
 0.132612042892642 0.336106439721267 0.329451086305756 0.201830431080335
 0.430306909267877 0.248265489730574 0.229177931817072 0.092249669184477
 0.301624022525262 0.0247588074843737 0.651437385096215 0.0221797848941492
 0.0551007724268094 0.000431349650164324 0.943091901320596 0.00137597660243071
 0.0952369898480878 0.349452769406959 0.435444964381152 0.119865276363801

MOTIF Egr1+M6002_1.02+D
letter-probability matrix: alength= 4 w= 16 nsites= 1 E= 0
 0.331223628691983 0.0965189873417722 0.310126582278481 0.262130801687764
 0.447784810126582 0.0427215189873418 0.197784810126582 0.311708860759494
 0.185126582278481 0.04957805907173 0.322784810126582 0.442510548523207
 0.0145813734713076 0.0362182502351834 0.0573847601128881 0.891815616180621
 0 0 0.998420221169036 0.00157977883096367
 0.572636665659921 0.255813953488372 0.167321051041981 0.00422832980972516
 0.0015748031496063 0 0.995275590551181 0.0031496062992126
 0 0.00157977883096367 0.481305950500263 0.517114270668773
 0 0 1 0
 0 0.00105207785376118 0.997369805365597 0.00157811678064177
 0 0.000527148128624143 0.999472851871376 0
 0.00913022585295531 0.911100432484383 0.00432484382508409 0.0754444978375781
 0.00262881177707676 0.000525762355415352 0.996845425867508 0
 0.0114285714285714 0.00363636363636364 0.366753246753247 0.618181818181818
 0.331223628691983 0.0369198312236287 0.309071729957806 0.322784810126582
 0.239325250395361 0.113336847654191 0.324196099103848 0.3231418028466

MOTIF Q8VHG7_MOUSE+M1069_1.02+I
letter-probability matrix: alength= 4 w= 8 nsites= 1 E= 0
 0.333194675540765 0.0836106489184692 0.000415973377703827 0.582778702163062
 0.00033288948069241 0.00033288948069241 0.00033288948069241 0.999001331557923
 0.999001331557923 0.00033288948069241 0.00033288948069241 0.00033288948069241
 0.999001331557923 0.00033288948069241 0.00033288948069241 0.00033288948069241
 0.00033288948069241 0.00033288948069241 0.00033288948069241 0.999001331557923
 0.00033288948069241 0.965712383488682 0.00033288948069241 0.0336218375499334
 0.000384024577572965 0.883640552995392 0.000384024577572965 0.115591397849462
 0.187655860349127 0.499376558603491 0.0629675810473816 0.25

MOTIF Irf4+M1264_1.02+D
letter-probability matrix: alength= 4 w= 10 nsites= 1 E= 0
 0.303976724395014 0.189986142267108 0.239116560534558 0.26692057280332
 0.362132088235344 0.194806942561144 0.185306095862745 0.257754873340768
 0.219000594292261 0.326710495341241 0.21466409197939 0.239624818387108
 0.127590688325738 0.49711798511201 0.0797444696216669 0.295546856940585
 0.0891348623929352 0.0245362233768457 0.854187333852767 0.0321415803774524
 0.744948344545653 0.076196450495243 0.130753631912042 0.0481015730470616
 0.63982086618599 0.00969090911382976 0.157777883105256 0.192710341594924
 0.881945131173076 0.0430399969516417 0.000415667276774809 0.0745992045985077
 0.133040382077114 0.53413718490729 0.240003308023306 0.0928191249922901
 0.15868607576039 0.34616927314644 0.131226899783894 0.363917751309276

MOTIF Sfpi1+M0686_1.02+D
letter-probability matrix: alength= 4 w= 10 nsites= 1 E= 0
 0.444315144341315 0.118692260278076 0.180645057079899 0.25634753830071
 0.349319254940013 0.124709405496105 0.216152953412496 0.309818386151386
 0.255840449297438 0.195303352824497 0.421809590626548 0.127046607251517
 0.307631654818777 0.31072340434956 0.317000433494026 0.0646445073376377
 0.110299894258904 0.0123444055428571 0.856798670342648 0.0205570298555907
 0.0174150807296906 0.0121500895424596 0.960387202202161 0.0100476275256891
 0.947248007015846 0.00186555938596825 0.00691408715331299 0.0439723464448728
 0.903250661737543 0.0214559093858843 0.000404946671419845 0.0748884822051525
 0.141802071352747 0.325197347595952 0.480310236589166 0.0526903444621348
 0.131010099991014 0.231660843196851 0.0843752759302268 0.552953780881908

MOTIF Etv1+M0690_1.02+D
letter-probability matrix: alength= 4 w= 10 nsites= 1 E= 0
 0.259501790348001 0.251832353392335 0.278317793195057 0.210348063064607
 0.409996925428229 0.140632437562776 0.261425581751278 0.187945055257716
 0.135357937053978 0.582845798651024 0.20600957642939 0.0757866878656079
 0.163979081292341 0.772582551875263 0.0355073198026772 0.0279310470297181
 0.0398746640616609 0.0379299537478532 0.876328600883208 0.045866781307278
 0.0475174378733529 0.0128211577690803 0.916990173515451 0.0226712308421161
 0.910702313481465 0.0168477324590172 0.0526789568678334 0.0197709971916841
 0.580099011954422 0.0842003265547575 0.0418126447464729 0.293888016744348
 0.279023667171174 0.153131435304683 0.498346992607724 0.069497904916419
 0.147561000595524 0.282659121379844 0.122026917260206 0.447752960764426

MOTIF Alx1+M1004_1.02+D
letter-probability matrix: alength= 4 w= 8 nsites= 1 E= 0
 0.244871717087001 0.260013738415659 0.144132709623981 0.350981834873359
 0.0774439678848482 0.0347978178715273 0.00808131559320063 0.879676898650424
 0.867505400368424 0.0350095799730452 0.0606804601369144 0.0368045595216165
 0.982723319607775 0.00058879783795776 0.00958622925452389 0.00710165329974321
 0.0163187665776688 0.0312592636552406 0.0250861466947279 0.927335823072363
 0.0926645105503328 0.083846316471345 0.0964462209653991 0.727042952012923
 0.388672030611259 0.0958453427404156 0.384804679290278 0.130677947358048
 0.289712662871132 0.198123309910431 0.368296976497351 0.143867050721086

MOTIF Sfpi1+M6122_1.02+D
letter-probability matrix: alength= 4 w= 15 nsites= 1 E= 0
 0.492147 0.209424 0.17801 0.120419
 0.486911 0.089005 0.308901 0.115183
 0.638743 0.041885 0.235602 0.08377
 0.706806706806707 0.0523560523560524 0.193717193717194 0.0471200471200471
 0.643979 0.005236 0.151832 0.198953
 0.251309 0.104712 0.628272 0.015707
 0.691099691099691 0.0732980732980733 0.214660214660215 0.0209420209420209
 0.109948 0 0.890052 0
 0.031414 0 0.968586 0
 0.989529 0 0.010471 0
 1 0 0 0
 0.0994760994760995 0.0523560523560524 0.837696837696838 0.0104710104710105
 0.157068 0.052356 0.136126 0.65445
 0.151832151832152 0.162304162304162 0.612565612565613 0.0732980732980733
 0.429319 0.094241 0.335079 0.141361

MOTIF Gbx1+M6020_1.02+D
letter-probability matrix: alength= 4 w= 10 nsites= 1 E= 0
 0.176899536173672 0.260555635250801 0.344092191459858 0.21845263711567
 0.134963898053842 0.324893606847415 0.211925596518912 0.328216898579831
 0.0430556490897255 0.0057916358003906 0.012211821222529 0.938940893887355
 0.893071420945874 0.0356997971602434 0.0427458097576599 0.0284829721362229
 0.998400725640903 0.00159927435909677 0 0
 0.00126969198213026 0 0.015259816600047 0.983470491417823
 0.0369276832868965 0.0348692144550256 0.0585104170998461 0.869692685158232
 0.426263491133593 0.0108379712038936 0.51616682814718 0.0467317095153331
 0.244847702386076 0.179983742169942 0.440180748816526 0.134987806627457
 0.180624955172496 0.271140650775815 0.236258875845746 0.311975518205944

MOTIF Shox2+M0967_1.02+D
letter-probability matrix: alength= 4 w= 8 nsites= 1 E= 0
 0.222887554439935 0.280526278220363 0.201676999275186 0.294909168064517
 0.135819288770233 0.0569017014563618 0.0178378970787713 0.789441112694633
 0.749165874013971 0.0666170412899218 0.112051705380941 0.0721653793151661
 0.950511877154538 0.000309437439584877 0.0239747371729527 0.0252039482329242
 0.03325358238371 0.0612009371346473 0.0732708245746989 0.832274655906944
 0.170086689449697 0.110642938386443 0.160181611760106 0.559088760403754
 0.345558335963425 0.104080170691287 0.393531641080934 0.156829852264355
 0.274902471118448 0.209854909403921 0.329118011578094 0.186124607899537

MOTIF Tgif1+M1035_1.02+D
letter-probability matrix: alength= 4 w= 10 nsites= 1 E= 0
 0.34761939348844 0.190777568097734 0.237723488315804 0.223879550098022
 0.205825889055068 0.26962459769041 0.32279924986988 0.201750263384642
 0.215652211479507 0.475167312024742 0.144556000336395 0.164624476159356
 0.0253299646711755 0.156332956442998 0.00431452859057299 0.814022550295254
 0.0256741705369987 0.0100290456630853 0.939629311888805 0.0246674719111107
 0.0362348814733925 0.0252802189835126 0.00397498999799735 0.934509909545098
 0.00555118155289959 0.976535199870284 0.000729067322489902 0.0171845512543267
 0.839753991503657 0.0258706463978502 0.0558745490464136 0.0785008130520788
 0.315394072043664 0.209311354817782 0.201104139204948 0.274190433933606
 0.289814201437274 0.221238218554912 0.196220697423225 0.292726882584589

MOTIF Tbx2+M6135_1.02+D
letter-probability matrix: alength= 4 w= 21 nsites= 1 E= 0
 0.529411470588529 0.0588239411760588 0.264705735294265 0.147058852941147
 0.470588 0.058824 0.441176 0.029412
 0.941176 0.058824 0 0
 0 1 0 0
 0.0882350882350882 0.0882350882350882 0 0.823529823529824
 0.941176 0 0.029412 0.029412
 0 0.970588 0 0.029412
 0.941176 0.029412 0.029412 0
 0.441176 0 0.176471 0.382353
 0.294117705882294 0.235293764706235 0.0588239411760588 0.411764588235412
 0.117647 0 0 0.882353
 0.0294119705880294 0.911764088235912 0 0.0588239411760588
 0 1 0 0
 0 0.970588 0 0.029412
 0.764705235294765 0.0294119705880294 0.147058852941147 0.0588239411760588
 0.147059 0.088235 0.676471 0.088235
 0.441176441176441 0.205882205882206 0.264706264706265 0.0882350882350882
 0.647059 0.088235 0.264706 0
 0.235294 0 0.352941 0.411765
 0.0588239411760588 0.117646882353118 0.676470323529676 0.147058852941147
 0 0.852941 0.058824 0.088235

MOTIF Pou2f2+M6064_1.02+D
letter-probability matrix: alength= 4 w= 9 nsites= 1 E= 0
 0.878280567987182 0.0202221117188795 0.0171832697939113 0.0843140505000276
 0.0114049688675174 0.00579495715430615 0.00283583009678811 0.979964243881388
 0.0776968821208248 0.0210081698438282 0.0178402712165842 0.883454676818763
 0.180269840455548 0.00379623454573437 0.000461704201508234 0.815472220797209
 0.0811667723525682 0.0017294056609212 0.916354412866778 0.000749409119732519
 0.0973315959435726 0.900572205540763 0.000736502181179537 0.0013596963344853
 0.995802793961035 0.000125289732506421 0.002380504917622 0.00169141138883668
 0.000439864270453689 0.000628377529219555 0.0000628377529219555 0.998868920447405
 0.968264603764391 0.00444661022111226 0.0168727538527137 0.0104160321617835

MOTIF Neurod2+M5652_1.02+I
letter-probability matrix: alength= 4 w= 10 nsites= 1 E= 0
 0.380592312539382 0.0749842470069313 0.484562066792691 0.0598613736609956
 0.32095006090134 0.532886723507917 0.146163215590743 0
 0 0.943519619500594 0.0564803804994055 0
 0.815100154083205 0 0.15819209039548 0.0267077555213148
 0 0.0895008605851979 0 0.910499139414802
 0.9073756432247 0.0686106346483705 0.021726700971984 0.00228702115494568
 0 0.171279373368146 0 0.828720626631854
 0 0 0.934078869923484 0.0659211300765156
 0 0.22939729397294 0.433579335793358 0.337023370233702
 0.13169502205419 0.373030875866415 0.0636420919974795 0.431632010081916

MOTIF Ikzf1+M3450_1.02+I
letter-probability matrix: alength= 4 w= 13 nsites= 1 E= 0
 0.291666666666667 0.208333333333333 0.291666666666667 0.208333333333333
 0.25 0.375 0 0.375
 0.125 0.125 0.291666666666667 0.458333333333333
 0.0833333333333333 0.25 0.0416666666666667 0.625
 0.0833333333333333 0 0.916666666666667 0
 0 0 1 0
 0 0 1 0
 1 0 0 0
 0.916666666666667 0 0 0.0833333333333333
 0.125 0.166666666666667 0.0833333333333333 0.625
 0.458333333333333 0.0833333333333333 0.333333333333333 0.125
 0.125 0.541666666666667 0.0833333333333333 0.25
 0.125 0.583333333333333 0.125 0.166666666666667

MOTIF Fli1+M0699_1.02+D
letter-probability matrix: alength= 4 w= 10 nsites= 1 E= 0
 0.285712368933157 0.231593945144252 0.253404139034824 0.229289546887768
 0.40882816343002 0.148902976529979 0.252976077653609 0.189292782386392
 0.179922636259737 0.493995772654997 0.209040279843213 0.117041311242053
 0.256626024836598 0.637541816056557 0.0871490498144501 0.0186831092923952
 0.0060668146015896 0.00110830707151115 0.985189185409395 0.00763569291750439
 0.00955188443577113 0.00380660782648501 0.979202492659043 0.00743901507870018
 0.918134885267707 0.0150645501926519 0.0258508715039616 0.0409496930356797
 0.621583948882645 0.0761169502665464 0.0312578635136194 0.271041237337189
 0.366912295793862 0.123361965612408 0.434902924201072 0.0748228143926585
 0.146891338911348 0.292859544052304 0.127701195194356 0.432547921841992

MOTIF E2f5+M6194_1.02+I
letter-probability matrix: alength= 4 w= 10 nsites= 1 E= 0
 0.134297520661157 0.398760330578512 0.332644628099174 0.134297520661157
 0 0.107438016528926 0.892561983471074 0
 0 1 0 0
 0 0 1 0
 0 0.851239669421487 0.148760330578512 0
 0 0.533057851239669 0.466942148760331 0
 1 0 0 0
 1 0 0 0
 1 0 0 0
 0.266528925619835 0.398760330578512 0.134297520661157 0.200413223140496

MOTIF Dbx2+M1034_1.02+D
letter-probability matrix: alength= 4 w= 7 nsites= 1 E= 0
 0.180902493603497 0.254158522500586 0.292351889181777 0.27258709471414
 0.175178136475559 0.363508753844111 0.132396787413 0.328916322267329
 0.388597163173972 0.204904340168401 0.245315033821171 0.161183462836456
 0.667958424535425 0.130872809689732 0.059395943529587 0.141772822245257
 0.213722332431521 0.147625352243565 0.086028416033877 0.552623899291038
 0.300299362836406 0.168137122749203 0.1895740765295 0.341989437884891
 0.486210908936144 0.149402274821779 0.158640795541171 0.205746020700905

MOTIF Egr2+M0416_1.02+D
letter-probability matrix: alength= 4 w= 10 nsites= 1 E= 0
 0.192321024484572 0.219020641388292 0.160640022784944 0.428018311342192
 0.22902073549707 0.0801430006938367 0.62254290353688 0.068293360272213
 0.0872729238887485 0.741770773014876 0.0433384514271819 0.127617851669194
 0.00333162674001388 0.000424629054370228 0.995714623821853 0.000529120383762407
 0.00819549266720345 0.00836105260123217 0.253049299096264 0.730394155635301
 0.070393126204676 0.00206286464227573 0.919744228439674 0.00779978071337426
 0.000388367801464738 0.00237310103449589 0.996448594450815 0.000789936713224421
 0.00829956772487651 0.00255028070194291 0.95929959659529 0.0298505549778911
 0.143468109409677 0.636581705221426 0.0320120622368825 0.187938123132015
 0.184813559010266 0.0556647742680666 0.658093835018607 0.101427831703061

MOTIF Hoxc13+M0912_1.02+D
letter-probability matrix: alength= 4 w= 10 nsites= 1 E= 0
 0.228969995970307 0.253050980654008 0.279664584604611 0.238314438771074
 0.191993666102333 0.418828857698393 0.24407178488979 0.145105691309484
 0.132556671510896 0.356741083850358 0.0705985964229785 0.440103648215768
 0.324192263874389 0.369199351746314 0.0541271953975718 0.252481188981725
 0.552686200304052 0.0236837791856902 0.35595004245231 0.0676799780579479
 0.0463389669337293 0.0589083723388875 0.000504586108102894 0.89424807461928
 0.622496144636105 0.0397948471544883 0.0662700085648792 0.271438999644527
 0.822278345773588 0.0108273891759552 0.0439072282169671 0.12298703683349
 0.758820789201643 0.0866403494051937 0.0421723855352659 0.112366475857897
 0.402868585187213 0.200058618786857 0.152720647254203 0.244352148771728

MOTIF Hmg20b+M1582_1.02+D
letter-probability matrix: alength= 4 w= 11 nsites= 1 E= 0
 0.317355059611699 0.227548311251532 0.227548311251532 0.227548311251532
 0.346887462701012 0.122773392435452 0.122773392435452 0.407565745794376
 0.621477950950138 0.0514693240501986 0.177554267817797 0.14949845054816
 0.32818005485635 0.0932024284571423 0.000193252507533418 0.578424257545269
 0.999420235843692 0.000193252507533418 0.000193252507533418 0.000193252507533418
 0.000193252507533418 0.000193252507533418 0.000193252507533418 0.999420235843692
 0.810270629204868 0.000193252507533418 0.000193252507533418 0.189342859146359
 0.999420235843692 0.000193252507533418 0.000193252507533418 0.000193252507533418
 0.0226449395975748 0.0226449395975748 0.0226449395975748 0.932065174573569
 0.428737267620367 0.127419858413654 0.127419858413654 0.316423008918619
 0.40382821296957 0.198723926798909 0.198723926798909 0.198723926798909

MOTIF Sox17+M6124_1.02+D
letter-probability matrix: alength= 4 w= 11 nsites= 1 E= 0
 0.146118853881146 0.255707744292256 0.26027373972626 0.337899662100338
 0.123287876712123 0.21004578995421 0.228310771689228 0.438355561644438
 0 0.630137 0.159817 0.210046
 0 0.712329 0 0.287671
 0.73516 0 0 0.26484
 0 0 0.018265 0.981735
 0 0 0 1
 0 0.086758 0.881279 0.031963
 0 0 0 1
 0 0.315068 0.214612 0.47032
 0.082192 0.315068 0 0.60274

MOTIF Cebpb+M0314_1.02+D
letter-probability matrix: alength= 4 w= 10 nsites= 1 E= 0
 0.350535671697985 0.196264350025831 0.307803771699428 0.145396206576756
 0.100010640278679 0.098030296918051 0.0990155177812208 0.70294354502205
 0.101465971799876 0.0660045374655515 0.368604218140682 0.463925272593891
 0.346959282298289 0.0646641809840579 0.292717339275003 0.29565919744265
 0.12706383645641 0.413513271401533 0.120866860028305 0.338556032113752
 0.113993038954891 0.0619382167909638 0.739620623961203 0.0844481202929425
 0.193829427396046 0.481534814039074 0.00185331982864152 0.322782438736239
 0.884112835529164 0.0762932674795052 0.0356797998116308 0.0039140971797003
 0.885718456052648 0.0208301015626141 0.0333280415416652 0.0601234008430722
 0.107508074698006 0.289329436634802 0.216494676472456 0.386667812194737

MOTIF Cebpd+M0274_1.02+D
letter-probability matrix: alength= 4 w= 9 nsites= 1 E= 0
 0.449938487187718 0.179309054488925 0.295630652140056 0.0751218061833011
 0.100169795333106 0.071297887559403 0.0347044076189395 0.793827909488552
 0.0943096348964485 0.0638529866422579 0.144978195777129 0.696859182684164
 0.306584485086096 0.0063948524541443 0.466609799817077 0.220410862642684
 0.119374195988994 0.591264263209825 0.082455855366982 0.2069056854342
 0.26760996188041 0.138314565936579 0.441214236366228 0.152861235816782
 0.265499155711802 0.311566145458528 0.0986532977650315 0.324281401064639
 0.47484657860165 0.265865823754274 0.121874491825628 0.137413105818447
 0.554945737348216 0.149735490174862 0.131482049772084 0.163836722704838

MOTIF Pax9+M5711_1.02+I
letter-probability matrix: alength= 4 w= 17 nsites= 1 E= 0
 0.169924212205824 0.128440366972477 0.26605504587156 0.43558037495014
 0 0.114598540145985 0.581508515815085 0.303892944038929
 0.0626091294587179 0.899975056123722 0.00199551010226989 0.0354203043152906
 0.936322869955157 0 0.0618834080717489 0.00179372197309417
 0.128658359895682 0.278759779773979 0.412344248044045 0.180237612286294
 0 0.131793860884258 0 0.868206139115742
 0.000603621730382294 0.714688128772636 0.2841046277666 0.000603621730382294
 0.97881486030089 0 0.0208781086889776 0.000307031010132023
 0.37081572960676 0.00422489437764056 0.026974325641859 0.597985050373741
 0 0.164405246494799 0.835594753505201 0
 0 1 0 0
 0.0646959050157499 0 0.93530409498425 0
 0.000301659125188537 0.000603318250377074 0.0214177978883861 0.977677224736048
 0.0433350228079067 0 0.956664977192093 0
 0.973066082054494 0.00187911055433761 0.00407140620106483 0.0209834011901034
 0.00261711593823606 0.997382884061764 0 0
 0.0612449799196787 0.295180722891566 0.604919678714859 0.0386546184738956

MOTIF Sox4+M1604_1.02+D
letter-probability matrix: alength= 4 w= 9 nsites= 1 E= 0
 0.183071880746132 0.399366230387677 0.0806306513417095 0.336931237524481
 0.456091583577042 0.0409639999475667 0.0776874426320128 0.425256973843378
 0.000348829940702342 0.0326821562249741 0.0538837661359097 0.913085247698414
 0.0265792048207646 0.0287929088510292 0.000625082984425404 0.944002803343781
 0.134861533948133 0.114921418527463 0.738224941787781 0.0119921057366228
 0.090826398571314 0.0308442385708876 0.0165924865727894 0.861736876285009
 0.118439362735026 0.285545424803682 0.178466538214214 0.417548674247078
 0.211649550215826 0.318917306454261 0.153689117094607 0.315744026235307
 0.216711838915207 0.256869593997378 0.218889829105052 0.307528737982363

MOTIF Lhx1+M0931_1.02+D
letter-probability matrix: alength= 4 w= 9 nsites= 1 E= 0
 0.166699405763842 0.0795346062089556 0.0571793160359669 0.696586671991235
 0.6584596739074 0.0729594115502783 0.164006043904652 0.10457487063767
 0.860813734100549 0.0145541786527099 0.0441625941606885 0.0804694930860531
 0.0574969226153707 0.0580747762943826 0.0374022710826174 0.847026030007629
 0.146492860047455 0.115235365165322 0.184375915103163 0.553895859684061
 0.427709577734801 0.0714104636884069 0.368133045159062 0.132746913417731
 0.333757514973395 0.210695660784104 0.276003825538343 0.179542998704157
 0.279203219679517 0.233210132335507 0.202743149129111 0.284843498855865
 0.269584088744403 0.207863239142908 0.189972696527082 0.332579975585607

MOTIF Runx1+M1837_1.02+D
letter-probability matrix: alength= 4 w= 11 nsites= 1 E= 0
 0.5265 0.1445 0.079 0.25
 0.6625 0.0405 0.2315 0.0655
 0.6695 0.1255 0.2 0.005
 0.0465 0.924 0.021 0.0085
 0.0065 0.9935 0 0
 0.858 0.035 0.0635 0.0435
 0.0265 0.936 0.0375 0
 0.968 0.0035 0 0.0285
 0.328 0.0745 0.536 0.0615
 0.407 0.2335 0.2425 0.117
 0.2605 0.348 0.248 0.1435

MOTIF Gbx2+M6021_1.02+D
letter-probability matrix: alength= 4 w= 10 nsites= 1 E= 0
 0.243090452261307 0.264028475711893 0.301507537688442 0.191373534338358
 0.158886330332845 0.351475821645384 0.191124136487335 0.298513711534436
 0.0369704236610711 0.000799360511590727 0.00779376498800959 0.954436450839328
 0.916698656429942 0.0297504798464491 0.0341650671785029 0.0193857965451056
 1 0 0 0
 0.0257772530499803 0 0.034435261707989 0.939787485242031
 0.0123982235381199 0.0431162102146558 0.0606957809030348 0.88378978534419
 0.410520071188452 0.0120624876408938 0.534111133082855 0.0433063080877991
 0.173785594639866 0.291457286432161 0.375418760469012 0.159338358458961
 0.145907473309609 0.261042495289931 0.175214569813691 0.41783546158677

MOTIF Srebf1+M0187_1.02+D
letter-probability matrix: alength= 4 w= 10 nsites= 1 E= 0
 0.393015693265865 0.151995291471706 0.362799210845098 0.0921898044173318
 0.117172480887512 0.118350083897898 0.0696614475503879 0.694815987664202
 0.128123345045796 0.47961966866369 0.327993382519362 0.0642636037711525
 0.39737209422095 0.00270438115412173 0.466320472384467 0.133603052240462
 0.000287709567540835 0.485022967281814 0.31551185138942 0.199177471761225
 0.212693169203686 0.139749370431579 0.578159976786108 0.0693974835786276
 0.0990094836598022 0.160006692103972 0.0020446275397299 0.738939196696496
 0.0554498821437007 0.0256740200721893 0.841747078999448 0.0771290187846623
 0.578926152864377 0.073052249174219 0.141340931697353 0.206680666264051
 0.101128594268463 0.261489182991046 0.146407366445548 0.490974856294943

MOTIF Id1+M0189_1.02+I
letter-probability matrix: alength= 4 w= 8 nsites= 1 E= 0
 0.277716186252772 0.166851441241685 0.499445676274945 0.0559866962305987
 0.000369822485207101 0.998890532544379 0.000369822485207101 0.000369822485207101
 0.999001331557923 0.00033288948069241 0.00033288948069241 0.00033288948069241
 0.00033288948069241 0.999001331557923 0.00033288948069241 0.00033288948069241
 0.00033288948069241 0.00033288948069241 0.999001331557923 0.00033288948069241
 0.00033288948069241 0.00033288948069241 0.00033288948069241 0.999001331557923
 0.00034435261707989 0.00034435261707989 0.99896694214876 0.00034435261707989
 0.499546279491833 0.0458257713248639 0.272686025408348 0.181941923774955

MOTIF Scrt2+M5805_1.02+I
letter-probability matrix: alength= 4 w= 13 nsites= 1 E= 0
 0.445578231292517 0.0782312925170068 0.398809523809524 0.0773809523809524
 0.332179930795848 0.186851211072664 0.0259515570934256 0.455017301038062
 0.00446144040790312 0.0165710643722116 0.775653282345443 0.203314212874442
 0.00070323488045007 0.99929676511955 0 0
 0.983535528596187 0.012998266897747 0.00259965337954939 0.000866551126516464
 1 0 0 0
 0.0092264017033357 0.98722498225692 0.0014194464158978 0.0021291696238467
 0.995697074010327 0.00430292598967298 0 0
 0.0914593140551446 0.00336247478143914 0.905178211163416 0
 0 0.0100200400801603 0.98997995991984 0
 0.00252100840336134 0.00168067226890756 0 0.995798319327731
 0.0726294552790854 0.0403496973772697 0.726967047747142 0.160053799596503
 0.114509803921569 0.232941176470588 0.44 0.212549019607843

MOTIF Nr4a3+M6395_1.02+I
letter-probability matrix: alength= 4 w= 10 nsites= 1 E= 0
 0.0281842743683879 0.554688464979472 0.388942986283752 0.0281842743683879
 0 0 0 1
 0 0.112737097473551 0.887262902526449 0
 1 0 0 0
 0 1 0 0
 0 1 0 0
 0 0 0 1
 0 0 0 1
 0 0 0.180379355957682 0.819620644042318
 0.0281842743683879 0.0281842743683879 0.735067820937154 0.20856363032607

MOTIF Mafk+M0290_1.02+D
letter-probability matrix: alength= 4 w= 10 nsites= 1 E= 0
 0.317997745690204 0.169362992111298 0.213160263544686 0.299478998653812
 0.335739668176962 0.132467331818955 0.157014171041964 0.374778828962119
 0.311840262766254 0.169438677803919 0.110221400917347 0.408499658512481
 0.224835015911626 0.184079341901843 0.193517291579693 0.397568350606838
 0.110627033774898 0.253703049700252 0.0538479582666388 0.581821958258212
 0.121552110335297 0.112206739989821 0.544758764228236 0.221482385446645
 0.185361687672962 0.479291506206172 0.124251655022577 0.211095151098289
 0.235994683180558 0.224485086668966 0.173089582072957 0.36643064807752
 0.225333635103137 0.180834477990203 0.35694514928339 0.236886737623269
 0.364403971030034 0.20607971560045 0.225487125199869 0.204029188169646

MOTIF Gsc+M0936_1.02+D
letter-probability matrix: alength= 4 w= 9 nsites= 1 E= 0
 0.240681424604963 0.253021425119666 0.279631920687588 0.226665229587782
 0.227218539762991 0.312908959662579 0.18234714941216 0.27752535116227
 0.152628807936377 0.0437288856220555 0.0323951552405668 0.771247151201001
 0.781271414241278 0.0240689496008146 0.108953655317022 0.0857059808408853
 0.946628632067745 0.0203464584527061 0.0189709121185005 0.0140539973610488
 0.0793688658441918 0.0431251422383414 0.124475159442521 0.753030832474945
 0.124674815470854 0.611373992590358 0.0905324972063927 0.173418694732396
 0.108349037858435 0.531316478140856 0.137738622310094 0.222595861690615
 0.186345861434643 0.310320122234991 0.27799535837266 0.225338657957706

MOTIF Hoxd13+M6031_1.02+D
letter-probability matrix: alength= 4 w= 10 nsites= 1 E= 0
 0.0783909231562661 0.543063434760186 0.316400206291903 0.0621454357916452
 0.0430161943319838 0.532894736842105 0 0.424089068825911
 0.677388227725957 0.168221293020264 0 0.154390479253779
 0.952079566003617 0 0.0027124773960217 0.0452079566003617
 0 0.000473709142586452 0.00189483657034581 0.997631454287068
 0.859241126070991 0.00489596083231334 0.0224398204814361 0.113423092615259
 0.980446927374302 0 0 0.0195530726256983
 0.965169569202566 0.0238313473877177 0.000916590284142988 0.0100824931255729
 0.644036697247706 0.177981651376147 0.0504587155963303 0.127522935779817
 0.346464167062174 0.30374940673944 0.0868533459895586 0.262933080208828

MOTIF Hoxc11+M0913_1.02+D
letter-probability matrix: alength= 4 w= 10 nsites= 1 E= 0
 0.243260780196592 0.166356659962014 0.201166724120215 0.389215835721179
 0.150809097304248 0.0961601259691636 0.0971265513018243 0.655904225424764
 0.132509055074823 0.071282509115891 0.033671473106068 0.762536962703218
 0.375038877214031 0.0478001937824531 0.0502509621242416 0.526909966879274
 0.786701571408592 0.0225977191676831 0.0706578334052695 0.120042876018455
 0.049934382334319 0.380204699235503 0.0767620049215942 0.493098913508584
 0.144110666336378 0.0831446216243013 0.473703463002572 0.299041249036749
 0.480913606421793 0.085258484985882 0.283068138751144 0.150759769841181
 0.111427154025899 0.385049173711451 0.25553798046608 0.24798569179657
 0.205443335159736 0.332011715025872 0.201375284563968 0.261169665250425

MOTIF Sox2+M1960_1.02+D
letter-probability matrix: alength= 4 w= 8 nsites= 1 E= 0
 0 1 0 0
 0 1 0 0
 0.45325203252033 0 0 0.54674796747967
 0 0 0 1
 0 0 0 1
 0 0 1 0
 0 0 0 1
 0 0.28387533875339 0.20121951219512 0.51490514905149

MOTIF Irf3+M1263_1.02+D
letter-probability matrix: alength= 4 w= 10 nsites= 1 E= 0
 0.4484981994258 0.0741362537570035 0.359928235904901 0.117437310912296
 0.488749178779406 0.0996684752939467 0.20682012025342 0.204762225673227
 0.498835911269096 0.0987189779233506 0.105876911466596 0.296568199340957
 0.236972282594834 0.286558637374529 0.232279917010714 0.244189163019923
 0.110746758556986 0.289236918719431 0.46742838047373 0.132587942249852
 0.100599968161337 0.0229003442094555 0.872316172045803 0.00418351558340498
 0.654659564082865 0.158240392972478 0.109302071926466 0.0777979710181898
 0.673627503846126 0.0867193717917457 0.080052069650422 0.159601054711706
 0.69250933520074 0.152982222014869 0.0377249514948266 0.116783491289564
 0.0966908641372165 0.584945640881801 0.196668372422518 0.121695122558464

MOTIF Rxrg+M1440_1.02+D
letter-probability matrix: alength= 4 w= 8 nsites= 1 E= 0
 0.260864841373316 0.130486744893525 0.369513255106475 0.239135158626684
 0.0000793398920977467 0.0635512535702951 0.0000793398920977467 0.936290066645509
 0.0153388278388278 0.0153388278388278 0.969246031746032 0.0000763125763125763
 0.992139804639805 0.0000763125763125763 0.00770757020757021 0.0000763125763125763
 0.0382326007326007 0.953983516483517 0.0000763125763125763 0.00770757020757021
 0.0000763125763125763 0.992139804639805 0.00770757020757021 0.0000763125763125763
 0.00980201863354037 0.592100155279503 0.00009704968944099382 0.398000776397515
 0.0834258745141588 0.485980011104942 0.19447529150472 0.23611882287618

MOTIF Gm5889+M1062_1.02+I
letter-probability matrix: alength= 4 w= 7 nsites= 1 E= 0
 0.266390743271827 0.253398713416917 0.197347116446713 0.282863426864542
 0.229965053455901 0.135358573328607 0.0518278347916665 0.582848538423825
 0.577866338507395 0.0782057046212164 0.1396783939437 0.204249562927688
 0.742163333052342 0.121458099674424 0.00480457863333294 0.131573988639902
 0.142627745357963 0.0494142111023875 0.101518196354169 0.706439847185481
 0.212945911710799 0.56738506355729 0.0865773468805699 0.133091677851341
 0.149664379051742 0.436328462485392 0.146700825788292 0.267306332674575

MOTIF Glis1+M5490_1.02+I
letter-probability matrix: alength= 4 w= 16 nsites= 1 E= 0
 0.163749204328453 0.213876511775939 0.485996180776575 0.136378103119032
 0.00249791840133222 0.996253122398002 0.000520399666944213 0.000728559533721898
 0.399598393574297 0 0.19219736087206 0.408204245553643
